4.588259397579356147e+01
1.827017177068052689e+01
5.655708395506525932e+01
6.200012298454524284e+00
8.234603942401045629e+01
1.620881161956834760e+01
-2.490854886796195444e+01
1.322241569642498860e+02
-2.134006762877265828e+01
1.826983495102293986e+01
4.216786619293750249e+01
4.489935023804527248e+01
9.184543096251373129e+01
3.276207853727868979e+01
5.761298188988144631e+01
1.458048213921601359e+02
-1.323016303536665816e+01
7.001828460661957365e+01
5.628185139669108139e+01
2.978073604218223025e+01
-9.286182626875991275e+00
5.028819933995686142e+01
-3.300995468592566340e+01
5.852055975026647872e+00
1.608047212582745189e+01
-3.116659568879325803e+01
9.190996759086161205e+01
-7.252731746255705048e+00
-6.238599349030742758e+01
7.644926998998397494e+01
4.189557649788659432e+01
7.535808124838459321e+01
-9.855265404991392586e+00
5.806208772318687039e+00
1.325472563001177377e+02
-7.738165752034335299e+01
3.916406408151295437e+01
7.455774708367070502e+01
6.800704697727698544e+01
5.795490864832064659e+01
-2.490128095193244917e+01
2.658377380392465028e+01
6.186686017604020549e+01
-3.301846389203196708e+01
3.433655019630101890e+01
2.968622414572308443e+01
6.302842489034254925e+00
8.620098996974465422e+01
-7.426950971442812488e+01
8.654825944355373224e+00
-4.257543792544444727e+01
3.185685886974143344e+01
-6.026505721543693994e+01
-3.886479917157139141e+01
1.312543876855856411e+02
3.023901936640341148e+01
5.832545569026747501e+01
7.664221129495523144e+00
5.953331690965160305e+01
4.537609627570584792e+01
5.105316231585628373e+01
4.835160626665464179e+01
3.359971171258508349e+01
5.076717770520762940e+01
1.492987817342408619e+01
-2.460338407344590195e+00
-2.709202258213296943e+01
-1.927708471342739927e+00
4.898980901513604636e+01
6.573513610144516406e+01
4.422626461400231790e+01
2.667840195731304931e+00
8.051090566387179592e+01
-1.472137956082161736e+01
9.715651549995266478e+00
-4.710642285278586883e+01
3.860656673883954682e+01
-3.708978292259487830e+00
7.034874999019734787e+01
3.615937509423238794e+01
5.736769129851396798e+01
6.767409247098504466e+01
-6.472284522859613531e+00
-6.270191855168338435e+00
-3.714529367266496962e+00
8.800223151977644420e+01
-3.348328028661923383e+01
3.029147382437957248e+01
1.075977151149309634e+02
7.955452688492431434e+01
4.575297584555706010e+00
1.352782344929787541e+02
-4.932149457752245780e+01
4.356975894357832146e+01
3.638098268289535042e+01
1.754044351950465952e+01
2.516913854437166265e+01
1.856988000809950989e+01
-7.791465480035634528e+01
7.865217998054549753e+01
