-8.492770959964431654e+00
-5.333099476850893694e+00
-5.688574709107765415e+00
1.809766734500705354e+01
1.744057312781799141e+01
8.919956858301439695e+00
-3.367937617800713213e+00
9.833747130628218258e+00
-2.343162478415120020e+01
5.651238732921033403e+00
3.003070749331465095e+01
-1.258845582288948606e+00
3.172865378515241730e+01
-1.540457895134019317e+01
1.720293279623149374e+01
-9.520451393424167463e-03
-1.411777794176820144e+01
1.026321065205692662e+00
2.431016123881342139e+01
-2.535019033650153020e+01
2.421799425665014383e+00
9.217763047529302867e+00
1.450880835563506821e+01
1.538284951632456199e+01
2.107187912854128342e+01
1.301736291286123048e+01
-2.204872622972317231e+01
2.631326665955913313e+01
-2.146487194006432375e+01
-1.032070921283122367e+01
-1.833006771671704271e+01
3.469072043649034498e+01
1.927202598980347403e+01
-1.596498405683720456e+01
-1.617207045786707909e+01
7.937252483524282809e+00
1.818515884441912789e+01
2.468791590893115284e+01
2.670248583040219614e+00
-1.313934695610158343e+01
-5.589633642155256155e-01
1.663487583568461758e+01
9.804152270081708309e+00
2.211929819516448958e+00
1.150418070722552955e+01
1.184250939908059763e+01
-1.073813501129450287e+00
5.479732552818532554e-01
7.764698978651303207e+00
2.842444763951192499e+00
3.061581892161206753e+01
-1.942727297957311094e+01
1.533833795104077069e+01
-1.557287743414720538e+01
2.959237755704212702e+01
1.483507907499863876e+01
1.686681651815521832e+01
2.031556568009050778e+01
-2.158784905745841698e+01
5.046817265193393354e+00
9.105101018797547852e-01
6.580462167697014308e-01
-7.333630991394358034e+00
-2.039531808333176599e+01
2.833900630449232239e+01
1.598775425361601066e+01
3.522440384842627736e+01
-1.956582877195401693e+00
-1.010207223603844895e+01
2.356530329900638066e+01
2.019084733506996798e+01
-1.688957890484308422e+01
-1.235679861171983873e+01
1.619887027809466673e+01
2.522192023845094155e+01
-3.540064095312644099e+00
3.676825709506186257e+00
2.709397166024522363e+01
3.456865328472722609e+01
2.674928801171252957e+01
1.014135405594014827e+01
2.752740083615232436e+01
-3.579127746260244436e+00
-8.921324003751958998e+00
2.206944540811797140e-01
1.167838361672178138e+01
-1.442380879674859528e+01
1.050619162589327971e-01
-9.152202064290079875e+00
3.364980141778114842e+01
-1.281906346016270426e+01
3.121473134641416181e+01
2.909642459121187130e+00
1.986094456691912313e+01
2.188262229199391129e+01
2.766513746847586219e+01
-2.401214531353301851e+01
-1.177764748986235155e+01
-2.077266316932957935e+01
-1.047704530200820372e+01
